-8.3063964 -4.5789126 1 -1
-10.057361 9.3912468 1 -1
3.4058241 4.5098919 1 -1
-0.41936401 -1.4897602 1 -1
-3.8156894 -9.5522269 1 -1
3.2215351 -0.12179484 1 -1
6.2441102 -9.014857 1 -1
-7.0605486 8.4850368 1 -1
-6.2998432 -9.2219884 1 -1
-1.8276497 -3.8631215 1 -1
4.9367208 2.1239958 1 -1
-8.7085155 10.25165 1 -1
-5.8242543 -6.6446493 1 -1
7.3144866 -6.3840717 1 -1
-8.3122402 7.3629814 1 -1
-7.2718218 4.0447561 1 -1
-5.7152287 -2.6393258 1 -1
-4.2773559 -4.0499261 1 -1
5.515978 -7.3027187 1 -1
6.3201967 5.075836 1 -1
