-7.6479703 8.0561423 1 -1
-9.409306 9.8313568 1 -1
-7.3031674 4.1054311 1 -1
-3.5966495 -9.5771113 1 -1
3.2525614 -0.10425338 1 -1
3.4045603 4.5114617 1 -1
-4.7451511 -5.5424488 1 -1
4.9429668 2.1368736 1 -1
-6.3015458 -3.4183697 1 -1
-6.0842458 -9.9506875 1 -1
-4.8613703 -2.5202725 1 -1
-0.24459218 -1.4528529 1 -1
-2.5723931 -3.0688598 1 -1
-5.5978053 -7.8230468 1 -1
-8.6596407 -4.3888178 1 -1
6.321301 5.0783502 1 -1
6.9633891 -6.4575725 1 -1
5.9304731 -8.6235913 1 -1
-1.5034851 -4.3982463 1 -1
-6.9904447 -6.6138089 1 -1
