-7.744999378929778189e+00 8.137855413486111189e+00
-9.319601420826412408e+00 9.739464330323809094e+00
-7.304718604976258689e+00 4.148606183276857706e+00
-3.786877545070574946e+00 -9.496350507787811424e+00
3.288158958829605183e+00 -4.699281774998453898e-02
3.529306648887327924e+00 4.457764102010528973e+00
-5.045306999593488939e+00 -5.742437498940411444e+00
4.842690341531522336e+00 2.159319400021074031e+00
-5.594993880269109710e+00 -3.187267782982456943e+00
-5.818992142267742196e+00 -9.651771075753710960e+00
