183344.25 237255.12 45354.812 275371.46 46719.567 29.437245 6.195729 185.43512 17.292658 
160996.43 207795.34 22591.042 220626.22 24642.812 28.570031 9.8007037 188.32694 17.580552 
168067.05 223322.8 43510.02 245314.72 38707.522 18.485218 7.7922397 185.80229 17.630067 
166288.1 215174.47 25402.655 220507.63 25452.108 17.839906 2.9893246 186.583 17.636448 
185873.39 278948.92 62092.908 326909.68 76260.725 15.454843 4.8629162 184.78303 17.136815 
177792.83 211326.76 20264.506 244140.04 36955.03 21.235601 3.2980377 186.2187 17.366692 
141485.83 169272.2 15798.023 203129.95 22979.333 59.680488 19.66326 218.40985 20.693243 
153233.76 199816.59 19610.82 221969.25 26244.184 40.504973 6.071094 210.48173 19.975303 
155933.43 197307.91 21943.652 215953.24 28937.748 52.986558 13.897594 213.63942 19.990037 
154578.95 181787.93 17060.72 206646.41 21315.204 64.565606 13.719534 214.21286 19.678604 
152755.14 181843.2 17443.964 199438.99 20547.122 66.169366 17.324269 214.85979 20.227409 
157270.58 194688.95 20555.053 217306.15 25005.114 54.761701 21.356043 215.85245 20.301251 
129085.48 152034.95 14676.363 175992.85 17669.802 135.94254 23.797698 238.97555 22.156751 
120670.78 139467.93 13014.19 165662.73 20024.451 110.37174 31.447243 241.88412 22.785717 
140249.55 160840.66 14691.591 194425.28 19262.363 156.96965 35.365482 244.30834 22.860134 
124123.66 151846.95 16656.515 162890.13 15257.759 82.227028 22.961135 243.83815 23.103882 
116288.16 131850.79 12179.42 154057.25 17171.618 189.8804 53.493458 244.22165 22.415507 
134003.84 156811.39 14445.798 177646.45 17639.43 133.76274 38.255448 245.27732 22.989171 
123124.47 143063.6 13111.993 166505.48 15918.017 190.09663 47.880521 271.45322 25.505344 
117664.37 135127.81 12310.45 162293.16 23784.801 175.09493 46.27802 268.35118 24.773565 
114513.32 133443.62 12308.021 152529.52 14684.772 153.71232 28.001885 269.17433 24.749388 
117479.54 134351.48 12151.853 161556.77 16403.273 240.54597 42.367366 270.17974 25.446422 
106936.53 124469.65 11191.864 140723.05 15926.146 188.79903 42.330146 270.29204 25.222793 
122066.17 140284.42 13074.559 166193.79 14855.979 189.59807 35.317578 267.35948 25.791621 
113531.5 129611.86 11908.818 147259.61 14148.547 266.94036 43.738974 291.18884 26.829171 
103722.8 116630.89 11446.997 135497.4 14355.085 268.32342 47.610206 291.63356 26.781084 
105526.14 119151.34 10780.05 142518.58 17565.309 260.32936 45.421858 297.87625 27.644881 
99359.759 112070.39 10153.954 129655.02 12913.315 273.65855 67.466754 296.92796 27.455277 
100614.96 113761.17 10378.057 129368.52 12139.957 243.22627 50.540595 295.9123 28.087814 
108560.98 122322.88 11208.528 145839.38 13338.636 266.21775 40.833459 299.34032 28.448316 
98224.253 111513.51 10238.026 127466.47 11580.125 287.48642 35.259711 322.91322 30.25227 
98638.709 112781.52 10326.632 129128.93 12183.318 316.02386 93.046999 323.69134 29.708864 
100493.26 114596.8 10868.011 133282.32 14883.834 307.89209 48.518425 322.94895 30.413873 
97660.036 108279.61 9838.5003 126334.42 11558.072 309.20158 52.751453 321.19211 30.861914 
98203.064 111034.75 10070.482 128726.05 12022.291 347.54382 66.120721 327.66554 30.526967 
99021.989 112200.71 10407.619 128888.05 12101.383 293.91444 67.720153 322.38672 29.947511 
84691.313 96318.896 9136.7644 111953.76 11006.566 399.25931 48.280047 348.2547 32.151118 
87459.664 98808.468 9077.3321 115200.6 10747.146 470.5114 73.891526 345.326 32.589904 
88422.388 99672.014 9130.0947 115020.18 10797.805 412.51646 70.70061 344.82637 32.915633 
93548.995 102493.87 9363.5285 120100.76 11312.082 427.28314 70.30837 350.67946 33.517113 
88299.683 98122.471 8924.6845 115302.58 11617.466 393.27097 58.774305 346.54954 32.516238 
92357.88 104785.29 9828.3655 120139.35 11186.43 410.17375 57.939322 347.9476 32.431587 
84867.991 94682.948 8695.7542 110156.69 10284.153 514.59099 70.603125 374.85122 35.141911 
79602.058 89088.507 8088.5466 103765.31 9704.9041 544.57168 77.432694 368.31373 35.843684 
82242.993 91803.546 8311.3895 106161.43 9968.0559 472.25029 72.896596 371.66941 34.490776 
81121.606 90931.87 8365.6529 105204.83 9525.4047 478.68837 61.707646 377.96818 40.276445 
81957.568 91319.086 8273.7829 106344.45 10724.046 522.6693 77.006359 372.99154 34.46039 
77135.666 85156.432 7949.316 97522.814 8996.4435 522.79363 66.200855 378.82211 34.512082 
76074.255 84731.374 7754.5425 100105.59 10837.74 619.68757 79.38373 400.74581 36.636009 
77058.267 85230.85 7836.7372 99098.618 9472.3948 594.76604 76.289363 405.80776 36.759156 
75211.501 84304.35 7570.537 96180.108 8989.3239 593.14734 71.193129 402.16466 37.149701 
76597.058 84013.543 7732.8885 97337.722 8935.0477 581.24011 88.662541 403.57663 37.403856 
72826.109 80906.185 7386.0886 92937.332 8623.8576 552.31623 71.185315 403.33355 37.853399 
75391.875 83475.178 7657.6781 95532.598 8786.9873 573.14783 59.689076 402.00432 37.159707 
66931.673 72861.549 6676.3829 84161.058 7894.1615 694.62181 73.831594 426.31178 38.431787 
69044.121 76079.437 6986.2709 89013.339 8372.3663 696.41953 67.909154 428.47394 39.44591 
70312.609 77759.444 7078.9304 89491.43 8610.8554 693.91044 86.494539 430.17305 39.54155 
69958.649 77159.732 7074.6437 90980.309 10053.712 672.29665 83.829928 428.7461 40.389614 
73067.452 82112.262 7606.9681 94800.58 8689.8411 683.84351 95.928428 430.32199 43.458852 
72321.73 81240.338 7385.7003 94276.643 10001.03 706.56812 83.16002 427.58231 40.27128 
