169983.23 211704.95 21001.097 230585.22 24421.306 
169983.23 211704.95 21001.097 240429.31 35606.615 
452123.71 640521.54 91787.032 702621.95 96096.904 
452123.71 700245.65 2.155296e-155 647511.42 2.155296e-155 
72670.264 116690.34 2.1544127e-155 97913.408 2.1544127e-155 
169983.23 215285.51 2.1561251e-155 204219.54 2.1561251e-155 
169983.23 215285.51 2.1628289e-155 229344.28 2.1628289e-155 
169983.23 215285.51 2.162338e-155 323977.22 2.162338e-155 
140431.42 148057.76 2.1592098e-155 177826.33 2.1592098e-155 
66807.11 66869.258 2.1639667e-155 78148.3 2.1639667e-155 
