105884.92 121166.86 11022.822 137644.23 12771.619 263.99837 50.759397 562.92042 57.119233 
108448.12 122796.34 11065.181 145707.35 21272.732 277.08924 53.593234 557.81265 55.552116 
107382.82 120605.23 11488.813 144129.81 15017.674 253.67546 51.77828 553.05689 57.639817 
112606.62 129714.7 12037.2 149511.24 14445.834 227.87941 36.50785 570.99551 53.917513 
103516.43 118783.76 11064.087 136081.65 12827.97 207.52999 30.485314 529.2807 63.454971 
103320.12 117738.06 10918.913 143775.21 16813.66 258.90251 36.345828 550.19637 56.208087 
104480.7 117546.07 11170.662 135505.65 15349.018 208.37644 33.48377 333.94047 32.219388 
102856.92 117319.37 10872.967 136256.94 12642.466 251.11927 51.699088 330.97043 31.011262 
105985.82 119787.68 10936.076 141348.9 13385.545 241.34427 30.315131 337.36781 31.943164 
110429.65 126375.16 11789.361 150386.65 19471.098 238.24023 44.738858 346.49642 34.089052 
118017.93 135002.22 12201.241 154737.83 15153.829 264.24263 47.31777 349.59861 34.336818 
106061.09 122751.65 11344.66 141261.13 13154.463 244.56542 51.72622 326.26566 32.376955 
108297.07 121722.6 11383.063 143533.2 13819.809 293.6103 44.398726 296.28095 29.814041 
107980.8 122486.67 11773.887 143353.11 14264.067 270.25178 43.211886 292.84141 27.649978 
104658.02 118749.83 11099.879 141406.81 16379.983 231.46372 44.322032 302.45013 28.723826 
102198.77 117698.7 10979.999 134140.03 12313.519 268.23583 38.992801 304.42362 30.588805 
111968.39 126349.94 11899.869 150282.84 15690.504 259.21084 31.089976 299.04043 29.122165 
116606.55 135443.87 12840.056 155034.8 15593.899 209.98111 28.44977 292.97335 28.3467 
110766.92 127353.75 11692.052 147078.79 14233.737 239.15311 45.533485 304.32041 30.470879 
108471.54 123958.1 11164.281 142458.81 13779.558 267.2829 48.849713 317.52407 30.715101 
106124.04 120731.72 10927.72 141315.33 15208.354 274.20649 38.344827 302.33111 28.858456 
110325.56 125086.76 11512.99 144942.8 13629.512 246.25551 30.202613 305.7744 29.203181 
106142.58 122338.63 11515.218 141162.75 14964.801 247.28645 47.770804 301.28298 29.767487 
99701.245 112813.21 10320.773 131961.29 12178.451 278.61346 41.810625 308.62813 30.224034 
106936.31 119636.15 11102.118 136557.1 13026.75 247.0226 44.349813 312.82645 29.165597 
107954.23 122652.31 11499.376 141301.31 13154.995 279.99488 42.417926 312.58525 30.69753 
109198.63 125977.26 11761.544 146908.25 16487.711 247.32522 41.175681 316.29662 30.090243 
110006.99 124650.22 11354.106 143242.48 13677.413 262.20655 43.493853 312.4131 28.139316 
109775.92 121855.03 11157.304 141152.9 13278.304 277.18625 53.212374 317.94745 28.992707 
112052.86 128177.9 11748.327 147971.69 13772.208 262.79421 36.564919 313.64903 29.688812 
111829.99 128860.22 12008.346 152621.26 17446.491 259.21628 52.75915 310.09126 28.993068 
106132.54 122520.23 11245.202 136939.19 12681.703 232.199 41.771583 313.23806 29.119257 
110650.66 124995.31 11484.357 145887.7 16132.984 265.32495 38.935642 312.67194 29.509313 
108777.46 123489.1 11557.239 141280.75 13902.59 244.94219 53.068764 313.00161 28.92595 
113514.77 129645.32 12049.7 153270.11 26060.44 257.36117 56.188278 311.14999 29.533789 
104536.57 117833.82 11149.825 136319.84 12588.325 263.15003 46.278928 309.28353 29.326748 
110255.65 129739.66 13228.274 145200.35 13518.896 222.16544 71.976243 299.87218 27.401525 
111528.22 126368.94 11589.938 151540.19 18021.966 246.20267 37.448379 307.49518 28.104898 
112414.67 127163.82 11749.67 147737.47 14070.611 244.98019 37.956082 303.03882 30.094699 
107235.11 121619.02 11225.585 140246.78 13696.301 284.86575 36.584579 307.06074 28.326369 
102848.65 116195.62 10492.893 132370.38 12911.926 267.32408 36.938116 301.85898 27.603094 
111731.71 128528.13 11810.538 152321.21 16522.105 261.01802 64.986897 305.50974 28.129157 
101420.61 114569.66 10373.402 134283.35 12962.553 273.62702 32.699806 299.29433 27.815873 
104030.25 122140.48 11623.763 138449.55 13408.328 202.6641 36.667354 306.02837 28.68006 
107318.01 121458.96 10884.346 138359.87 13387.459 291.40043 66.174183 297.00204 27.674809 
109217.51 124043.21 11224.224 146026.32 14438.245 284.04342 48.316983 299.99845 28.233633 
108701.03 125929.7 11848.01 143822.54 17981.747 222.39312 32.874394 301.46255 28.080747 
107736.16 122991.65 11261.971 148225.97 20433.08 292.71201 55.095218 302.93358 28.33903 
110015.32 126374.48 12006.837 148003.65 17471.506 247.77505 49.239911 295.77889 27.214582 
106665.13 121337.68 11159.59 144887.62 15818.068 291.1755 67.595607 298.37725 27.815568 
108844.96 123800.01 11225.335 144022.86 17368.251 246.55819 33.599281 293.89038 27.75019 
114247.55 131704.38 12158.431 153634.44 14625.59 233.89264 44.99795 292.52089 27.49863 
105107.94 117292.02 10922.62 140263.49 14168.667 293.15084 53.917927 296.54219 27.798834 
110656.21 125729.14 11698.116 145134.01 13230.233 211.21849 36.299929 297.14323 28.070429 
107464.51 121239.33 11080.31 140049.03 12848.406 300.90084 66.058403 303.58962 28.410117 
114577.34 132005.13 12498.665 149129.91 13837.414 213.491 41.888978 300.89881 27.701664 
113813.23 129392.31 11786.875 152122.59 17302.53 245.70738 48.435301 303.58743 28.275848 
100720.17 114138.78 10283.577 131768.05 12482.52 271.96487 55.435907 302.32361 29.114644 
105328.49 118584.81 10757.87 136747.99 12673.879 243.81385 31.534026 305.99676 30.186048 
107152.04 121715.83 11085.156 139872.03 13254.26 315.60916 56.308893 302.30391 29.085945 
106212.61 121039.99 11156.152 142192.13 18942.683 234.78819 51.556923 314.77111 29.880775 
100527.4 114732.99 10388.711 136427.47 13430.095 248.33458 35.643192 310.11476 29.222316 
115403.53 130994.47 12492.757 154132.94 14630.218 283.64571 36.676552 315.08678 29.722631 
110070.89 127174.71 11968.745 149666.72 16017.034 249.71972 38.528409 312.15967 29.697034 
109851.25 124328.38 11346.172 148152.84 15555.001 252.95718 49.201857 315.67665 28.80705 
94320.327 105192.86 9776.7013 122715.2 12515.126 273.54912 39.974228 312.37969 29.443793 
