20983.036 24335.548 2283.5504 27119.481 2595.092 35.344332 5.0811317 81.317602 8.0826492 
21227.429 24557.354 2330.7264 27894.036 2724.457 38.348766 4.6678478 81.229837 8.1214475 
21893.48 25999.494 2405.2165 29312.962 2806.3298 37.458964 5.6870379 81.224591 8.0340175 
22508.459 25851.8 2355.7582 30172.194 3671.1482 39.353024 4.80015 81.960227 8.2064187 
21117.598 24254.823 2595.6632 27730.112 2925.7009 36.976451 4.7247654 82.356453 8.0205662 
22121.937 25564.913 2381.2825 29870.345 2955.599 38.300433 4.5755477 81.706879 7.9024013 
45444.626 51496.214 4694.5178 60400.254 6311.2077 97.833021 12.494965 132.53196 12.769705 
44565.995 51309.2 4658.405 58875.945 5823.1491 87.661044 10.8723 132.46051 12.927843 
43790.078 50297.822 4809.1019 56942.152 5313.3602 83.664556 15.827765 131.98823 12.890076 
42415.115 48065.37 4364.8839 56798.288 6727.854 84.036201 12.165018 133.28197 13.02341 
43482.863 50644.641 4615.5285 57291.834 5216.1244 85.512296 11.359562 130.17386 12.554499 
44250.204 50301.133 5046.0708 57657.522 5569.1227 88.578706 16.414052 130.78145 12.746803 
70100.959 80981.982 7450.4228 94173.066 9300.3225 140.8698 19.793383 194.09023 18.741072 
65344.422 76008.709 7040.6845 88182.857 8546.4988 146.52849 25.533346 195.24343 18.723649 
70595.857 81941.965 7678.4652 92031.791 8334.6802 125.31839 17.51515 195.30121 19.013272 
63352.423 71940.261 6594.8186 84239.222 8255.1423 150.1233 17.606869 193.102 19.023787 
69008.205 78968.314 7312.8539 89434.789 8240.6572 149.48791 18.271821 195.22262 18.271782 
61969.634 71434.731 6472.6087 83303.325 8866.7045 129.31688 20.997886 192.40118 18.026285 
87996.338 101933.11 9509.029 115643.98 10608.178 185.65651 27.305299 245.54576 23.553841 
92524.316 105763.2 9958.0858 122557.86 11209.555 202.50767 25.685221 247.73056 23.427907 
89209.836 100625.29 9270.8714 119812.62 11997.971 199.47294 39.725988 249.03113 23.37617 
88789.496 101705.27 9548.1776 119986.46 19421.348 183.27019 37.639773 246.57386 23.469007 
81420.091 91897.887 8414.57 103997.8 9852.1073 189.45648 32.247158 245.62396 23.034078 
91404.159 104715.89 9720.1253 121127.14 12025.695 191.90592 32.228318 244.62067 22.427956 
105213.37 120158.1 11581.861 138383 13576.174 216.63304 33.768597 300.77357 28.565247 
103552.75 113714 11479.47 131744.21 12813.522 238.36246 45.879271 297.69169 27.71699 
101891.24 114712.44 10558.376 133833.19 12412.84 286.37767 35.420348 300.874 28.804388 
109293.31 123556.33 11375.103 148146 19526.832 252.30354 43.716876 298.5578 28.501496 
114161.04 130376.22 12263.045 154152.43 14333.112 258.05139 40.459495 291.17748 26.518137 
107173.83 121043.22 11371.255 141435.12 13579.933 260.57349 42.070885 297.2963 27.406951 
125564.84 143367.83 13388.263 170946.15 24107.8 288.66552 40.667906 347.48709 31.998528 
133164.44 150498.95 13660.215 175131.31 17397.369 355.59362 71.681336 346.69046 32.254162 
129252.08 145778.85 13603.691 170370.05 16828.017 298.50422 54.284583 346.84603 31.976186 
132632.39 152677.32 13890.488 176579.13 16720.751 301.07306 41.602006 347.94206 31.851916 
138402.1 159932.77 14819.738 195169.81 20395.79 337.54702 69.409922 342.27119 31.949333 
124646.34 141321.94 13102.414 160909.74 15460.855 323.42075 57.806771 346.20112 31.585274 
153863.48 177470.35 16516.691 204194.13 18609.456 371.57319 80.605736 440.69175 41.608191 
153892.19 174083.91 15638.427 201814.55 20201.619 348.67587 71.716228 433.50139 39.636556 
145795.42 163688.74 14781.118 188335.73 19906.778 492.68151 77.343876 434.80894 39.680068 
150542.77 170385.27 15617.337 198457.01 19689.72 387.90869 89.269241 437.86897 40.213972 
151999.62 174286.26 16118.602 203346.35 20743.276 349.50702 62.444471 432.84379 40.047814 
151316.51 170503.43 15608.141 200001.31 20014.419 514.96134 109.24135 430.41178 40.16759 
168726.71 187279.07 17215.069 220764.96 21160.115 513.16771 115.32329 487.2627 44.91937 
171456.23 193310.35 17847.987 223037.42 20375.783 531.58727 128.47921 491.42111 44.194028 
178192.1 200437.16 18664.998 234636.37 23838.844 377.19969 71.238169 486.15419 44.155034 
178319.76 198719.13 18290.297 231823.99 22114.965 472.23741 68.184437 484.25507 45.572272 
177252.49 201563.39 18854.896 230736.55 23211.225 367.75611 63.402068 499.01309 47.779439 
173511.04 197237.46 17986.828 226252.18 20883.703 453.23463 101.1202 490.17289 46.693801 
200233.57 225033.14 21274.128 261403.53 25660.682 407.9993 94.428313 544.26242 50.603634 
203796.3 230713.21 20772.002 272368.9 26820.969 587.55158 106.00165 551.09566 51.061602 
201167.48 225196.17 21321.674 265777.41 24044.203 664.4931 125.24716 550.40222 49.88597 
201037.61 226367.75 20616.069 276580.31 28310.235 522.86141 102.73549 538.30886 49.545855 
193010 218310.33 20256.081 249783.33 24716.716 613.14119 125.77251 549.54444 51.105124 
192795.07 217695.08 19754.586 253155.1 23582.644 557.33786 67.989282 538.57915 50.027687 
215905.56 242808.57 22172.786 286561.17 26456.315 660.97158 175.5949 605.52263 56.440466 
210710.22 234001.81 21134.14 282032.09 27282.378 938.66426 212.30393 598.23039 54.762292 
227331.65 253652.23 22817.012 301550.87 41492.376 634.28033 98.202559 611.87185 56.903929 
231515.73 260680.59 24356.309 308265.46 29107.853 599.79806 122.06698 605.30209 55.660291 
212450.35 241904.73 23327.237 286537.92 40277.716 463.272 99.098305 607.35521 55.426677 
231883.99 263812.69 24054.533 309027.47 30129.091 537.7912 95.084824 608.20547 54.804286 
